f_i [Hz], Energy spectrum for w'U_strmws' at f_i [m4/s3]
0.00166687245697597,18155.737405022537,
0.00333374491395194,20080.694780503243,
0.0050006173709279105,18667.465912117583,
0.00666748982790388,19292.158972560486,
0.00833436228487985,16861.48310022115,
0.010001234741855821,15435.450775507206,
0.01166810719883179,16680.005699252015,
0.01333497965580776,15117.790473787909,
0.015001852112783732,15406.16286730948,
0.0166687245697597,14257.110566887071,
0.01833559702673567,12843.385397960365,
0.020002469483711642,13517.378231723425,
0.021669341940687613,15798.614042753568,
0.02333621439766358,16835.485864731654,
0.02500308685463955,15039.272132914351,
0.02666995931161552,13906.813977932248,
0.028336831768591492,15876.348895727093,
0.030003704225567463,15241.572132661391,
0.03167057668254343,14075.920707613614,
0.0333374491395194,15534.902673901803,
0.03500432159649537,16086.892409446644,
0.03667119405347134,14463.504379389076,
0.03833806651044731,13738.37485675854,
0.040004938967423284,12463.179248932274,
0.041671811424399255,11610.558280896026,
0.043338683881375226,12126.358995575225,
0.04500555633835119,11773.585530048493,
0.04667242879532716,12711.153152543655,
0.04833930125230313,13247.922822958179,
0.0500061737092791,11041.295705991406,
0.05167304616625507,10798.847360339036,
0.05333991862323104,10278.337627974235,
0.055006791080207014,9266.882999993639,
0.056673663537182985,9276.990218760713,
0.058340535994158955,8895.408886852767,
0.060007408451134926,9190.123516341353,
0.0616742809081109,8749.320234444162,
0.06334115336508686,8594.294875060152,
0.06500802582206283,8521.024825225673,
0.0666748982790388,8768.762624488296,
0.06834177073601477,9128.122170256152,
0.07000864319299074,8555.867512376333,
0.07167551564996671,7997.064239191067,
0.07334238810694269,7747.36029106855,
0.07500926056391866,8979.818397050085,
0.07667613302089463,9761.20540583938,
0.0783430054778706,7615.298953407228,
0.08000987793484657,6772.72165775278,
0.08167675039182254,6883.114916240712,
0.08334362284879851,6809.194575307077,
0.08501049530577448,6875.767886402397,
0.08667736776275045,6779.31668113442,
0.08834424021972642,6957.059850696833,
0.09001111267670238,6360.550821435404,
0.09167798513367835,6366.533091720899,
0.09334485759065432,6299.514519468864,
0.09501173004763029,6643.135904293199,
0.09667860250460626,6401.487872162912,
0.09834547496158223,5851.07859284889,
0.1000123474185582,5426.924289541732,
0.10167921987553417,5176.514875985901,
0.10334609233251014,5255.495461452901,
0.10501296478948612,5684.107825723377,
0.10667983724646209,5425.029321139621,
0.10834670970343806,4847.627210192381,
0.11001358216041403,4661.219920606468,
0.11168045461739,4480.900978365492,
0.11334732707436597,5033.777589966489,
0.11501419953134194,4583.280129145323,
0.11668107198831791,4353.780335873994,
0.11834794444529388,4740.618170832431,
0.12001481690226985,4454.30420133651,
0.12168168935924582,4210.42758880356,
0.1233485618162218,3806.529671004614,
0.12501543427319775,4049.9835962618004,
0.12668230673017372,4032.5737452406693,
0.1283491791871497,3791.607318502692,
0.13001605164412566,3704.9874864025232,
0.13168292410110163,3546.2337207415244,
0.1333497965580776,3422.673743921536,
0.13501666901505358,3597.5581735809687,
0.13668354147202955,3733.685587134866,
0.13835041392900552,3689.2543682991313,
0.1400172863859815,3732.6456706836934,
0.14168415884295746,4038.9676075984376,
0.14335103129993343,3659.8412724972573,
0.1450179037569094,3626.6468738833205,
0.14668477621388537,3329.213480029963,
0.14835164867086134,3102.2289307123647,
0.1500185211278373,3048.5122974700616,
0.15168539358481328,3031.375605705162,
0.15335226604178925,2978.910765449462,
0.15501913849876522,2845.9493535030133,
0.1566860109557412,2939.114511744102,
0.15835288341271717,2889.654659357172,
0.16001975586969314,2743.125042743697,
0.1616866283266691,2527.11275204385,
0.16335350078364508,2564.934728995343,
0.16502037324062105,2677.209555601555,
0.16668724569759702,2670.4828063466853,
0.168354118154573,2529.4353593180963,
0.17002099061154896,2324.597982183534,
0.17168786306852493,2292.0767233141373,
0.1733547355255009,2535.768816023614,
0.17502160798247687,2259.5954879084666,
0.17668848043945284,1830.147217695046,
0.1783553528964288,2109.9931777407755,
0.18002222535340476,2459.4547020657365,
0.18168909781038073,2329.032996271128,
0.1833559702673567,2079.958148825156,
0.18502284272433267,1842.1874059217896,
0.18668971518130864,2087.039345058952,
0.1883565876382846,1949.3896151660867,
0.19002346009526058,1900.3566060915102,
0.19169033255223655,1827.0981437001667,
0.19335720500921252,1747.7697631134145,
0.1950240774661885,1889.1839359140972,
0.19669094992316447,2009.7799816950026,
0.19835782238014044,1945.283401398511,
0.2000246948371164,1684.0911088495052,
0.20169156729409238,1622.1966127530698,
0.20335843975106835,1611.9735415901846,
0.20502531220804432,1739.4737138545993,
0.2066921846650203,1730.3760128900958,
0.20835905712199626,1837.6603317501413,
0.21002592957897223,1728.4520466910067,
0.2116928020359482,1497.488686692157,
0.21335967449292417,1427.3006779936775,
0.21502654694990014,1300.255681615612,
0.21669341940687611,1361.9942182282814,
0.21836029186385209,1211.7823910803224,
0.22002716432082806,1216.7189835363934,
0.22169403677780403,1357.436772671664,
0.22336090923478,1450.123857949256,
0.22502778169175597,1419.8371289690206,
0.22669465414873194,1145.7439023283916,
0.2283615266057079,1263.3145797783743,
0.23002839906268388,1190.3222201362862,
0.23169527151965985,1170.7050724236763,
0.23336214397663582,1236.7056500726142,
0.2350290164336118,1067.626459329081,
0.23669588889058776,1020.1006296481528,
0.23836276134756373,1087.795808719494,
0.2400296338045397,1322.1431978144478,
0.24169650626151568,1298.3792371513396,
0.24336337871849165,1105.3216490339041,
0.24503025117546762,1098.7214235397712,
0.2466971236324436,1033.5919089764839,
0.24836399608941956,1012.8893271487201,
0.2500308685463955,941.8320148317695,
0.2516977410033715,920.4676688525122,
0.25336461346034744,979.4016278912734,
0.25503148591732344,887.4447133341465,
0.2566983583742994,751.8001117713654,
0.2583652308312754,750.9937404412576,
0.2600321032882513,851.8988205018935,
0.2616989757452273,924.6849376589154,
0.26336584820220327,823.3358969894462,
0.26503272065917927,907.1158853800679,
0.2666995931161552,873.4622369760784,
0.2683664655731312,738.443982893449,
0.27003333803010715,744.2857510887308,
0.27170021048708315,792.2538606843715,
0.2733670829440591,774.1735615653475,
0.2750339554010351,717.7582490078814,
0.27670082785801103,804.0171101493177,
0.27836770031498703,778.7808169662237,
0.280034572771963,624.2029108189579,
0.281701445228939,595.9319778771127,
0.2833683176859149,620.1870845946318,
0.28503519014289086,633.8228707268433,
0.28670206259986686,673.2827591208925,
0.2883689350568428,666.7522779280499,
0.2900358075138188,680.6437256805682,
0.29170267997079474,674.8605029465169,
0.29336955242777074,638.0385898926253,
0.2950364248847467,657.0258093933593,
0.2967032973417227,565.1888258542676,
0.2983701697986986,539.0748396880971,
0.3000370422556746,530.3225975314422,
0.30170391471265057,496.65200823348425,
0.30337078716962657,530.1476358470479,
0.3050376596266025,541.046119218418,
0.3067045320835785,550.6512838412353,
0.30837140454055445,504.7073141628902,
0.31003827699753045,459.3112471715179,
0.3117051494545064,502.51442129221147,
0.3133720219114824,541.6873661693342,
0.31503889436845833,504.3295047490172,
0.31670576682543433,495.970085473224,
0.3183726392824103,476.97187280584967,
