Radius [m], PBLH [m]
0.0,231.1429138183594,
1500.0,260.5132335977698,
3000.0,282.0284068785245,
4500.0,286.2540266516317,
6000.0,314.3266682963675,
7500.0,330.112013844092,
9000.0,331.4442300669545,
10500.0,334.93073316430133,
12000.0,324.25947249917425,
13500.0,318.05995408365493,
15000.0,308.69415556010483,
16500.0,291.1792833072084,
18000.0,276.54523692864836,
19500.0,275.83964596271545,
21000.0,272.28657676617166,
22500.0,274.7383381202284,
24000.0,288.67970410059314,
25500.0,310.820333836479,
27000.0,340.9721362409673,
28500.0,356.207785101496,
30000.0,371.82283919392836,
31500.0,389.547207845173,
33000.0,403.40337593312137,
34500.0,414.4058912243029,
36000.0,421.3801378195604,
37500.0,431.5240662597809,
39000.0,442.8277841083381,
40500.0,457.0997187519104,
42000.0,467.1978405857568,
43500.0,470.6788196951033,
45000.0,478.5194428976627,
46500.0,487.57876511271337,
48000.0,493.9974368769129,
49500.0,500.7973286098025,
51000.0,505.0470029182386,
52500.0,503.94206650455175,
54000.0,503.91857969542923,
55500.0,506.60277181796204,
57000.0,505.09331125379305,
58500.0,506.92903453056226,
60000.0,507.6958637938673,
61500.0,511.07164646386366,
63000.0,516.5142248942224,
64500.0,519.2175348865107,
66000.0,523.7244773153548,
67500.0,526.3509190521946,
69000.0,533.404850348694,
70500.0,536.7852988115401,
72000.0,543.4199248827313,
73500.0,549.3612358025346,
75000.0,551.4192831474599,
76500.0,552.4350238963033,
78000.0,553.7817566377262,
79500.0,557.3490055875271,
81000.0,556.6512444357716,
82500.0,558.3652968538383,
84000.0,553.8335772951204,
85500.0,552.0168013829172,
87000.0,560.4747183856064,
88500.0,569.6571640338393,
90000.0,586.4022264004682,
91500.0,600.4499815191298,
93000.0,609.7373207904424,
94500.0,617.414892085925,
96000.0,624.0369231166393,
97500.0,629.9028741725388,
99000.0,637.1461259183652,
100500.0,639.4132364674066,
102000.0,642.2260687162669,
103500.0,648.2602639512055,
105000.0,656.7167418210082,
106500.0,666.0993762727772,
108000.0,677.7002183289243,
109500.0,681.5534184181248,
111000.0,685.6122663441597,
112500.0,685.5965466250267,
114000.0,686.256451126901,
115500.0,687.6349887962721,
117000.0,691.4732554745963,
118500.0,693.537356872932,
120000.0,693.0752758939049,
121500.0,697.083296842743,
123000.0,700.77786994639,
124500.0,705.1468297474885,
126000.0,709.294855295625,
127500.0,712.2484902740213,
129000.0,715.2433515929662,
130500.0,716.9875010300713,
132000.0,720.5291229534712,
133500.0,725.5845625005785,
135000.0,727.7791372048819,
136500.0,726.0920719868616,
138000.0,724.2404708911236,
139500.0,726.7854247226917,
141000.0,729.3564318452627,
142500.0,728.9313465995423,
144000.0,727.7491316387969,
145500.0,726.5448139003623,
147000.0,724.9806730123844,
148500.0,722.0641083853053,
150000.0,720.0442726484586,
151500.0,716.6165319922573,
153000.0,713.514925540932,
154500.0,711.223406325676,
156000.0,706.9167964450949,
157500.0,700.9920882374412,
159000.0,694.0498869806715,
160500.0,687.0877796192588,
162000.0,680.5420305103937,
163500.0,674.0172554917664,
165000.0,669.2341904702403,
166500.0,665.77447437168,
168000.0,663.2182084889818,
169500.0,660.6623171917172,
171000.0,658.0402973240809,
172500.0,654.7329925910494,
174000.0,651.5292385258964,
175500.0,648.0236208953633,
177000.0,644.0025186918386,
178500.0,639.280232990913,
180000.0,635.006276816931,
181500.0,631.3664271742189,
183000.0,628.5500863401357,
184500.0,626.0214145795459,
186000.0,623.3735365644972,
187500.0,621.0656189432335,
189000.0,617.0699477802475,
190500.0,611.2807703075161,
192000.0,604.8375189656915,
193500.0,597.5694823479715,
195000.0,590.6847664132807,
196500.0,583.7076726928834,
198000.0,577.2130183597606,
199500.0,571.0135659526298,
201000.0,564.2118825155733,
202500.0,557.6613244626108,
204000.0,552.5199713571545,
205500.0,548.945656157923,
207000.0,546.6399259122684,
208500.0,545.3644216640887,
210000.0,543.987625423134,
211500.0,542.171508336163,
213000.0,540.9874400010017,
214500.0,540.2413034417154,
216000.0,540.0389588966293,
217500.0,540.4611295046329,
219000.0,541.90381883016,
220500.0,544.2368507279625,
222000.0,546.7869176648536,
223500.0,548.9911368112639,
225000.0,550.9763307082671,
226500.0,552.5949304649123,
228000.0,553.7693747173516,
229500.0,554.2124221461607,
231000.0,554.2290162040358,
232500.0,553.418026131311,
234000.0,552.8392458625779,
235500.0,552.903977185062,
237000.0,553.6668673195194,
238500.0,555.075667675065,
240000.0,556.6082884060269,
241500.0,558.1709640903011,
243000.0,559.3325927716123,
244500.0,560.3666464644402,
246000.0,561.5676145794961,
247500.0,563.0566338994863,
