f_i [Hz], Energy spectrum for U_crsstrm' at f_i [m2/s]
0.0016668685729220474,567.3820385039031,
0.003333737145844095,514.9489696660015,
0.005000605718766142,457.663552250024,
0.00666747429168819,452.4594682115107,
0.008334342864610237,419.6093916257247,
0.010001211437532284,349.02703788774437,
0.011668080010454333,321.68078189832187,
0.01333494858337638,291.69134656898643,
0.015001817156298426,254.47304050239643,
0.016668685729220475,253.66637233902335,
0.018335554302142523,219.85183063226583,
0.02000242287506457,213.8357473100334,
0.021669291447986617,182.8695552921014,
0.023336160020908665,156.06139195689215,
0.02500302859383071,158.1150592592923,
0.02666989716675276,138.31970976247555,
0.028336765739674807,110.19257396184645,
0.030003634312596852,109.08864146452687,
0.031670502885518904,124.76907688912534,
0.03333737145844095,115.15256279963609,
0.035004240031362995,100.7345097162817,
0.036671108604285046,102.20506641522356,
0.03833797717720709,97.78588968924016,
0.04000484575012914,91.2427076724785,
0.04167171432305119,85.02347338096442,
0.043338582895973234,77.80901256633376,
0.04500545146889528,82.09440672210307,
0.04667232004181733,76.44770252366996,
0.048339188614739376,65.33778999986026,
0.05000605718766142,61.737917389632024,
0.05167292576058347,60.76083762969859,
0.05333979433350552,58.897526024371324,
0.05500666290642756,59.96861725134856,
0.056673531479349615,58.16626835710083,
0.05834040005227166,55.275904891081844,
0.060007268625193705,53.99972459956059,
0.06167413719811576,49.38386956238705,
0.06334100577103781,49.49403117240405,
0.06500787434395985,44.744489800245226,
0.0666747429168819,38.531801925118295,
0.06834161148980394,36.47694239419128,
0.07000848006272599,41.71192540477539,
0.07167534863564803,41.043185747498924,
0.07334221720857009,36.21806968667248,
0.07500908578149214,29.0390626607531,
0.07667595435441418,24.115781143967016,
0.07834282292733623,25.177478263147655,
0.08000969150025827,24.760051275723978,
0.08167656007318032,25.26338718502274,
0.08334342864610238,22.715680405050808,
0.08501029721902442,21.606513624360396,
0.08667716579194647,18.450827892889215,
0.08834403436486851,18.836414758709402,
0.09001090293779056,20.729205557359872,
0.0916777715107126,19.27443090928433,
0.09334464008363466,16.88480218545702,
0.0950115086565567,16.510734445818553,
0.09667837722947875,15.817442058036026,
0.0983452458024008,14.441653884387742,
0.10001211437532284,11.830250439713192,
0.10167898294824489,10.953821937648778,
0.10334585152116695,11.857275320778013,
0.10501272009408899,10.98410492991452,
0.10667958866701104,10.70178839471131,
0.10834645723993308,9.974975792291923,
0.11001332581285513,10.260269940835293,
0.11168019438577718,9.486145198986899,
0.11334706295869923,9.473797156422401,
0.11501393153162127,8.524124013396518,
0.11668080010454332,8.258010781989757,
0.11834766867746536,7.968197080439386,
0.12001453725038741,6.452783755518204,
0.12168140582330947,6.461024333089527,
0.12334827439623151,6.661746499944951,
0.12501514296915356,6.182829108154316,
0.12668201154207562,5.651559146699013,
0.12834888011499765,5.0520919804196005,
0.1300157486879197,5.047483331293879,
0.13168261726084174,5.03125377987134,
0.1333494858337638,4.992236648021768,
0.13501635440668583,4.166138633630673,
0.1366832229796079,4.043938237368005,
0.13835009155252995,3.729714233444635,
0.14001696012545198,3.4722112681331767,
0.14168382869837404,3.8804892560529214,
0.14335069727129607,3.706165242593558,
0.14501756584421813,3.384207177843978,
0.14668443441714019,3.052383654157061,
0.14835130299006222,2.960340022951832,
0.15001817156298428,2.709303621698656,
0.1516850401359063,2.3895250915593156,
0.15335190870882837,2.2775637681322407,
0.1550187772817504,2.4044156617821812,
0.15668564585467246,2.249526803364093,
0.15835251442759452,2.043030162305962,
0.16001938300051655,2.0126434364192174,
0.1616862515734386,1.8778387060037105,
0.16335312014636064,1.6888479202887852,
0.1650199887192827,1.6142487352404733,
0.16668685729220475,1.6189512993384245,
0.16835372586512679,1.3894086670046628,
0.17002059443804884,1.4305416245951437,
0.17168746301097088,1.5113596435079562,
0.17335433158389293,1.421176690180666,
0.175021200156815,1.2878265360637777,
0.17668806872973702,1.2208835370156847,
0.17835493730265908,1.4050399292221067,
0.18002180587558111,1.135726630486367,
0.18168867444850317,0.8768593299521282,
0.1833555430214252,0.9529166024107404,
0.18502241159434726,0.8999123807480591,
0.18668928016726932,0.8753907271298513,
0.18835614874019135,0.8405516809233389,
0.1900230173131134,0.8111268348342251,
0.19168988588603544,0.7257792909596905,
0.1933567544589575,0.6013093528962232,
0.19502362303187956,0.7020294430594677,
0.1966904916048016,0.6879067561160469,
0.19835736017772365,0.6573347728217587,
0.20002422875064568,0.5898897663860914,
0.20169109732356774,0.577538411713969,
0.20335796589648977,0.5253788082731637,
0.20502483446941183,0.5016140525741736,
0.2066917030423339,0.47569672942169694,
0.20835857161525592,0.45361152926019815,
0.21002544018817798,0.4016242097762645,
0.2116923087611,0.3749412606569045,
0.21335917733402207,0.36982016721261324,
0.21502604590694413,0.3072257510520726,
0.21669291447986616,0.30610436100719907,
0.21835978305278822,0.2538051273092309,
0.22002665162571025,0.24445114623590564,
0.2216935201986323,0.25858972103938405,
0.22336038877155437,0.2119468478248274,
0.2250272573444764,0.20559505303602582,
0.22669412591739846,0.1885910393667457,
0.2283609944903205,0.18090448199486123,
0.23002786306324255,0.1776058139024286,
0.23169473163616458,0.16128203454510195,
0.23336160020908664,0.15256591889722862,
0.2350284687820087,0.14606262317811433,
0.23669533735493073,0.16339662608889247,
0.2383622059278528,0.1614452946659513,
0.24002907450077482,0.14636446689224056,
0.24169594307369688,0.1365259676828148,
0.24336281164661894,0.1202960254647639,
0.24502968021954097,0.10585739292932532,
0.24669654879246303,0.09332341838046088,
0.24836341736538506,0.08928096494608567,
0.2500302859383071,0.09069366787621735,
0.25169715451122915,0.08360351712029694,
0.25336402308415124,0.08143084344037363,
0.25503089165707327,0.08846637399325501,
0.2566977602299953,0.09019926393398452,
0.25836462880291733,0.08132200016715696,
0.2600314973758394,0.06717125019548892,
0.26169836594876145,0.06440258953568853,
0.2633652345216835,0.058890713406576214,
0.26503210309460556,0.05247606104555494,
0.2666989716675276,0.04545184139961519,
0.2683658402404496,0.04144383544126511,
0.27003270881337166,0.0409155951845685,
0.27169957738629374,0.04093174595365826,
0.2733664459592158,0.0402796797458594,
0.2750333145321378,0.03707588122268585,
0.2767001831050599,0.04017046930176586,
0.2783670516779819,0.04188559849835076,
0.28003392025090396,0.03201831600949471,
0.28170078882382604,0.024304141012006012,
0.2833676573967481,0.02471053340104161,
0.2850345259696701,0.02573966587657514,
0.28670139454259214,0.027389362715092142,
0.2883682631155142,0.024798384126636364,
0.29003513168843625,0.020399830126007438,
0.2917020002613583,0.019390996993139505,
0.29336886883428037,0.017705032024736812,
0.2950357374072024,0.016483942267204,
0.29670260598012443,0.015648444610003514,
0.29836947455304647,0.01526504720115935,
0.30003634312596855,0.014415700740125917,
0.3017032116988906,0.011697974612440369,
0.3033700802718126,0.011130197546250008,
0.3050369488447347,0.01271523516209804,
0.30670381741765673,0.012157255432652175,
0.30837068599057876,0.010913465096530638,
0.3100375545635008,0.010298534352143859,
0.3117044231364229,0.010174296266287278,
0.3133712917093449,0.008880599300376893,
0.31503816028226694,0.008237898111963064,
0.31670502885518903,0.008463901226523851,
0.31837189742811106,0.008360708172068751,
