f_i [Hz], Energy spectrum for U_crsstrm' at f_i [m2/s]
0.0016668730563181092,918.4427382157573,
0.0033337461126362183,822.2686456057864,
0.0050006191689543275,682.8307551648768,
0.006667492225272437,779.1343725382013,
0.008334365281590546,853.3463029904865,
0.010001238337908655,887.6628038704022,
0.011668111394226764,874.1692419148372,
0.013334984450544873,739.3038561421232,
0.015001857506862983,698.6216047906552,
0.01666873056318109,622.4106000821542,
0.0183356036194992,579.5338257891033,
0.02000247667581731,551.3744155761468,
0.02166934973213542,457.2475050627517,
0.02333622278845353,469.71947525789636,
0.025003095844771638,449.3135095727849,
0.026669968901089747,396.9732784923058,
0.028336841957407856,353.7773222011749,
0.030003715013725965,326.3103912115942,
0.031670588070044074,320.98274941351065,
0.03333746112636218,331.90479740771394,
0.03500433418268029,304.7962562288132,
0.0366712072389984,292.7316358944597,
0.03833808029531651,278.1314803564413,
0.04000495335163462,270.2625421044456,
0.04167182640795273,221.05001327873333,
0.04333869946427084,218.6415797811359,
0.04500557252058895,227.48462215725917,
0.04667244557690706,210.66308380841465,
0.048339318633225166,207.20215584507423,
0.050006191689543275,201.50195174445793,
0.051673064745861384,187.15847048582782,
0.05333993780217949,191.4416735836878,
0.0550068108584976,181.60603975082725,
0.05667368391481571,166.03417452801145,
0.05834055697113382,157.70486733518743,
0.06000743002745193,138.03936498321067,
0.06167430308377004,146.06029696193684,
0.06334117614008815,162.95327369873684,
0.06500804919640626,147.549253484786,
0.06667492225272437,133.5415668908707,
0.06834179530904247,129.21580765830848,
0.07000866836536059,130.04574817771905,
0.0716755414216787,126.01078287949164,
0.0733424144779968,120.09548587923125,
0.0750092875343149,114.124876270788,
0.07667616059063302,111.7256333122134,
0.07834303364695114,105.34380157764586,
0.08000990670326924,100.6118520822254,
0.08167677975958734,92.38296328281974,
0.08334365281590546,103.64089516845596,
0.08501052587222357,108.87338362392461,
0.08667739892854168,101.56788045542703,
0.08834427198485978,90.99362273648228,
0.0900111450411779,89.18737122931138,
0.09167801809749601,90.99419725289425,
0.09334489115381411,82.60025447219415,
0.09501176421013222,73.22942594960193,
0.09667863726645033,70.90128444648992,
0.09834551032276845,67.17609200683177,
0.10001238337908655,71.2728986724287,
0.10167925643540465,69.44812671317956,
0.10334612949172277,70.3185212590284,
0.10501300254804088,68.57495126503139,
0.10667987560435899,59.82112105058797,
0.10834674866067709,56.897257115827394,
0.1100136217169952,58.37545855045541,
0.11168049477331332,54.30370155997322,
0.11334736782963142,52.40097205454132,
0.11501424088594953,46.87943794447207,
0.11668111394226764,45.346531595421645,
0.11834798699858576,43.75358417700672,
0.12001486005490386,39.8007286982249,
0.12168173311122196,39.59611854428091,
0.12334860616754008,39.478690102152086,
0.1250154792238582,37.99520943826926,
0.1266823522801763,36.39601484694066,
0.1283492253364944,35.33074433800455,
0.13001609839281253,34.38470948027419,
0.13168297144913063,32.903230088937,
0.13334984450544873,32.70825425881873,
0.13501671756176684,32.318788505915485,
0.13668359061808494,30.16019017316578,
0.13835046367440307,28.438040786575733,
0.14001733673072117,28.735474286995583,
0.14168420978703927,27.508410781545997,
0.1433510828433574,25.819207879086886,
0.1450179558996755,25.933129060520102,
0.1466848289559936,24.32666935206853,
0.1483517020123117,23.127230850903985,
0.1500185750686298,22.074110818435518,
0.15168544812494794,22.504613951140428,
0.15335232118126604,21.320130264948325,
0.15501919423758415,20.10862871107788,
0.15668606729390228,19.4013478506344,
0.15835294035022038,18.2214145828913,
0.16001981340653848,16.21507067987194,
0.16168668646285658,17.929327591941068,
0.16335355951917468,16.450647770688736,
0.16502043257549281,15.100537537268387,
0.16668730563181092,15.261852769871378,
0.16835417868812902,14.674335223183842,
0.17002105174444715,14.165064468627847,
0.17168792480076525,13.545094879670609,
0.17335479785708335,13.255015361074381,
0.17502167091340146,13.620353885322,
0.17668854396971956,12.155834220320704,
0.1783554170260377,11.164791317619692,
0.1800222900823558,11.479434574568405,
0.1816891631386739,11.047590175355026,
0.18335603619499202,11.58868185831858,
0.18502290925131012,9.815813350330437,
0.18668978230762823,9.459034599887556,
0.18835665536394633,9.705706129425748,
0.19002352842026443,9.059877138616558,
0.19169040147658256,8.49343035200831,
0.19335727453290066,7.673547345655328,
0.19502414758921877,8.451336307371315,
0.1966910206455369,7.987179523820295,
0.198357893701855,7.5239492299593875,
0.2000247667581731,7.230558348466337,
0.2016916398144912,6.814249134882567,
0.2033585128708093,6.903996187389729,
0.20502538592712743,6.888828762113405,
0.20669225898344554,6.177401586110142,
0.20835913203976364,5.863467194194004,
0.21002600509608177,6.05493387511831,
0.21169287815239987,6.0752325196277726,
0.21335975120871797,5.935899241999028,
0.21502662426503608,5.273535403876583,
0.21669349732135418,4.544104372611936,
0.2183603703776723,4.415185603423951,
0.2200272434339904,4.213516113566651,
0.2216941164903085,4.475931851566503,
0.22336098954662664,4.5980608770044675,
0.22502786260294474,4.093535169873973,
0.22669473565926285,3.9584003453689314,
0.22836160871558095,4.225398719790929,
0.23002848177189905,3.562053424775023,
0.23169535482821718,3.5273153189481423,
0.23336222788453528,3.605855039474764,
0.23502910094085339,3.4474960655762796,
0.23669597399717152,3.4967987334717208,
0.23836284705348962,3.507817208971473,
0.24002972010980772,3.1901525629511753,
0.24169659316612582,2.7866187397762916,
0.24336346622244392,2.9345254518034096,
0.24503033927876205,2.6303086648853404,
0.24669721233508016,2.468801354985637,
0.24836408539139826,2.6259161223241696,
0.2500309584477164,2.5025177549127564,
0.25169783150403446,2.2796724766781926,
0.2533647045603526,2.24082969419713,
0.2550315776166707,2.322333406103767,
0.2566984506729888,2.4231463799960964,
0.25836532372930693,2.203908315164875,
0.26003219678562506,2.115456262373123,
0.26169906984194313,2.0712648439176053,
0.26336594289826126,2.0215638635701443,
0.26503281595457934,2.1084092320356014,
0.26669968901089747,2.0701560845189975,
0.2683665620672156,1.8047934401661128,
0.27003343512353367,1.5782771876110602,
0.2717003081798518,1.5173331413517508,
0.2733671812361699,1.4383668532829965,
0.275034054292488,1.4406186894552968,
0.27670092734880614,1.2511979075453676,
0.2783678004051242,1.16277499438877,
0.28003467346144234,1.277990006510305,
0.28170154651776047,1.303487275822954,
0.28336841957407854,1.232339543857646,
0.2850352926303967,1.1873584515132338,
0.2867021656867148,1.042233903753948,
0.2883690387430329,0.9974404754974919,
0.290035911799351,1.1209071526077554,
0.2917027848556691,1.0178968592498954,
0.2933696579119872,0.9326395175721245,
0.29503653096830534,0.8762110584382103,
0.2967034040246234,0.8005469630928537,
0.29837027708094155,0.8147666347457957,
0.3000371501372596,0.8442535723490825,
0.30170402319357775,0.7931190594948649,
0.3033708962498959,0.7622023796324595,
0.30503776930621396,0.7991477712006636,
0.3067046423625321,0.7610065741736174,
0.3083715154188502,0.6443111713945395,
0.3100383884751683,0.5874326522921133,
0.3117052615314864,0.5782978291774824,
0.31337213458780455,0.6547404253595769,
0.3150390076441226,0.6113392191303306,
0.31670588070044076,0.6045137092060103,
0.31837275375675883,0.5866587098517005,
